A 8
  0  -76  15  44  82   0   0  47
  0   0   0   0  74   0   0   0
 73   0  79   0   0   0   0   0
  9   0   0  -83   0   0   3   0
 83   0   0   0   0  70   0   0
 91   0   0   0   0   0   0   0
  0   0   0   0   0  11   9   0
  0   0  10   0   0   0   0   0
B 8
  0   0   0   0   0   0   0   0
  0  28   0   0   0   0   0   0
 -58   0   0  -21   0   0  -83   0
  0   0  58   0   0   0   0  94
  0   0   0   0   0   0   0  -27
  0   0   0   0   0   0  46   0
  0  42   0   0   0  -55  93  89
  0  27   8  89   0   0   0   0